4243767290,0
4294967279,147
4294967278,146
4294967279,146
4294967279,140
4294967278,139
4294967278,342
4294967294,68
4294967294,11
4294967294,15
4294967278,428
4294967278,352
4294967278,362
4294967279,450
4294967279,453
4294967278,361
4294967278,339
4294967279,302
4294967278,326
4294967278,400
4294967279,461
4294967278,254
4294967278,253
4294967278,250
4294967278,248
4294967278,395
4294967278,244
4294967278,396
4294967278,71
4294967278,67
4294967278,65
4294967278,64
4294967278,62
4294967278,60
4294967279,494
4294967279,80
4294967279,68
4294967279,66
4294967279,59
4294967279,53
4294967279,51
4294967279,49
4294967279,174
4294967279,39
4294967279,38
4294967279,37
4294967279,36
4294967279,35
4294967279,34
4294967279,33
4294967279,32
4294967279,31
4294967279,30
4294967279,29
4294967279,28
4294967279,27
4294967279,448
4294967279,26
4294967279,25
4294967279,24
4294967279,23
4294967279,22
4294967279,21
4294967279,20
4294967279,19
4294967279,18
4294967279,17
4294967279,16
4294967279,15
4294967279,14
4294967279,13
4294967279,12
4294967279,11
4294967279,10
4294967279,9
4294967279,8
4294967279,7
4294967279,6
4294967279,5
4294967279,4
4294967279,257
4294967278,262
4294967279,237
4294967279,236
4294967278,345
4294967279,232
4294967294,972
4294967294,81
4294967294,50
4294967278,429
4294967279,226
4294967279,491
4294967294,38
4294967294,37
4294967294,1018
4294967294,29
4294967294,36
4294967294,39
4294967279,222
4294967279,433
4294967278,334
4294967279,220
4294967278,384
4294967278,214
4294967279,280
4294967278,211
4294967278,213
1917,5
4294967279,214
1917,4
1917,3
1917,2
1917,1
4294967279,213
4294967278,394
4294967279,400
4294967279,317
4294967278,294
4294967279,399
4294967278,380
4294967278,205
4294967279,386
4294967278,203
4294967279,204
4294967278,202
4294967294,40
4294967294,22
4294967294,17
4294967294,99
4294967294,76
4294967278,360
4294967294,395
4294967294,108
4294967294,402
4294967294,175
4294967294,116
4294967279,285
4294967279,395
4294967279,199
4294967278,410
4294967279,198
4294967294,41
4294967294,43
4294967294,393
4294967294,51
4294967278,344
4294967279,434
4294967278,375
4294967278,192
4294967279,193
4294967278,191
1915,6
1915,5
4294967278,190
1915,4
1915,3
1915,2
1915,1
4294967279,251
4294967294,53
4294967278,444
4294967294,82
4294967278,186
4294967279,227
4294967278,185
4294967279,186
4294967294,91
4294967294,90
4294967294,87
4294967294,86
4294967294,84
4294967279,71
4294967279,185
4294967279,505
4294967278,416
4294967279,463
4294967279,182
4294967278,180
4294967279,179
4294967279,181
4294967278,179
4294967279,180
4294967279,493
4294967278,426
4294967279,176
4294967279,464
4294967278,436
4294967279,175
4294967278,172
4294967279,173
4294967279,394
4294967278,329
4294967279,474
4294967278,435
4294967278,168
4294967279,169
4294967278,167
1913,5
4294967279,168
1913,4
4294967278,166
1913,3
1913,2
1913,1
4294967279,422
4294967279,290
4294967278,162
4294967278,441
4294967278,161
4294967279,162
4294967278,359
4294967279,243
4294967279,158
4294967278,156
1912,5
4294967278,155
1912,4
4294967279,155
1912,3
1912,2
1912,1
4294967279,289
4294967278,154
4294967278,292
4294967278,381
4294967279,151
4294967294,984
4294967294,969
4294967279,390
4294967278,219
4294967279,148
4294967278,145
4294967279,145
4294967278,142
4294967278,144
1911,5
4294967279,144
1911,4
4294967278,143
1911,3
1911,2
1911,1
4294967294,89
4294967279,139
4294967278,281
4294967278,136
4294967278,134
4294967279,133
4294967278,133
4294967278,272
4294967279,308
4294967279,88
4294967279,272
4294967294,440
4294967294,390
4294967294,1420
4294967278,264
4294967279,266
4294967278,263
1909,6
1909,5
4294967278,280
1909,4
4294967279,264
1909,3
1909,2
1909,1
4294967278,424
4294967279,229
4294967279,410
4294967279,0
4294967278,257
4294967278,328
4294967294,1
4294967294,486
4294967294,2
4294967279,469
4294967279,437
4294967279,295
4294967279,294
4294967294,1035
4294967294,989
4294967279,293
4294967279,221
4294967294,481
4294967279,497
4294967278,385
4294967279,253
4294967279,250
4294967279,307
4294967278,430
4294967279,278
4294967279,242
1907,5
4294967279,240
1907,4
1907,3
1907,2
1907,1
4294967278,411
0,7
4294967294,5
4294967294,6
4294967278,335
0,5
4294967278,397
4294967278,301
4294967279,449
4294967294,67
4294967294,8
4294967279,230
4294967294,45
4294967294,1422
4294967294,44
4294967294,52
4294967294,1426
4294967294,46
4294967294,0
4294967294,388
4294967294,1021
4294967294,150
4294967294,28
4294967294,27
4294967294,1019
4294967294,26
4294967294,92
4294967294,88
4294967294,85
4294967294,1423
4294967294,417
4294967294,25
4294967294,1038
4294967278,318
4294967294,7
4294967279,467
4294967294,94
4294967294,96
4294967294,93
4294967294,95
4294967294,42
4294967294,9
4294967294,83
4294967293,131
4294967293,130
4294967293,129
4294967293,128
4294967293,127
4294967293,126
4294967293,125
4294967293,124
4294967293,123
4294967293,122
4294967293,121
4294967293,120
4294967293,119
4294967293,118
4294967293,117
4294967293,116
4294967293,115
4294967293,114
4294967293,113
4294967293,112
4294967293,111
4294967293,110
4294967293,109
4294967293,108
4294967293,107
4294967293,106
4294967293,105
4294967293,104
4294967293,103
4294967293,102
4294967293,101
4294967293,100
4294967293,99
4294967293,98
4294967293,97
4294967293,96
4294967293,95
4294967293,94
4294967293,93
4294967293,92
4294967293,91
4294967293,90
4294967293,89
4294967293,87
4294967293,86
4294967293,85
4294967293,84
4294967293,83
4294967293,82
4294967293,81
4294967293,80
4294967293,79
4294967293,78
4294967293,77
4294967293,76
4294967293,75
4294967293,74
4294967293,73
4294967293,72
4294967293,71
4294967293,70
4294967293,69
4294967293,68
4294967293,67
4294967293,66
4294967293,65
4294967293,64
4294967293,63
4294967293,62
4294967293,61
4294967293,60
4294967293,59
4294967293,58
4294967293,57
4294967293,56
4294967293,55
4294967293,54
4294967293,53
4294967293,52
4294967293,51
4294967293,50
4294967293,49
4294967293,48
4294967293,47
4294967293,46
4294967293,45
4294967293,44
